11

10 1 309
92 57 49 68 60 43 67 84 87 72
23 31 29 44 53 38 63 85 89 82
165

5 1 51
24 13 23 15 16
12 7 11 8 9
26

6 1 150
50 50 64 46 50 5
56 59 80 64 75 17
190

7 1 107
70 20 39 37 7 5 10
31 10 20 19 4 3 6
50

8 1 900
350 400 450 20 70 8 5 5
25 35 45 5 25 3 2 2
104

7 1 1735
442 525 511 593 546 564 617
41 50 49 59 55 57 60
170

15 1 1458
135 139 149 150 156 163 173 184 192 201 210 214 221 229 240
70 73 77 80 82 87 90 94 98 106 110 113 115 118 120
750

24 1 13549094
825594 1677009 1676628 1523970 943972 97426 69666 1296457 1679693 1902996 1844992 1049289 1252836 1319836 953277 2067538 675367 853655 1826027 65731 901489 577243 466257 369261
382745 799601 909247 729069 467902 44328 34610 698150 823460 903959 853665 551830 610856 670702 488960 951111 323046 446298 931161 31385 496951 264724 224916 169684
6404180

10 10 8706.1
600.1 310.5 1800 3850 18.6 198.7 882 4200 402.5 327
20 5 100 200 2 4 60 150 80 40
20 7 130 280 2 8 110 210 100 40
60 3 50 100 4 2 20 40 6 12
60 8 70 200 4 6 40 70 16 20
60 13 70 250 4 10 60 90 20 24
60 13 70 280 4 10 70 105 22 28
5 2 20 100 2 5 10 60 0 0
45 14 80 180 6 10 40 100 20 0
55 14 80 200 6 10 50 140 30 40
65 14 80 220 6 10 50 180 30 50
450 540 200 360 440 480 200 360 440 480

39 5 10618
560 1125 300 620 2100 431 68 328 47 122 322 196 41 25 425 4260 416 115 82 22 631 132 420 86 42 103 215 81 91 26 49 420 316 72 71 49 108 116 90
40 91 10 30 160 20 3 12 3 18 9 25 1 1 10 280 10 8 1 1 49 8 21 6 1 5 10 8 2 1 0 10 42 6 4 8 0 10 1
16 92 41 16 150 23 4 18 6 0 12 8 2 1 0 200 20 6 2 1 70 9 22 4 1 5 10 6 4 0 4 12 8 4 3 0 10 0 6
38 39 32 71 80 26 5 40 8 12 30 15 0 1 23 100 0 20 3 0 40 6 8 0 6 4 22 4 6 1 5 14 8 2 8 0 20 0 0
8 71 30 60 200 18 6 30 4 8 31 6 3 0 18 60 21 4 0 2 32 15 31 2 2 7 8 2 8 0 2 8 6 7 1 0 0 20 8
38 52 30 42 170 9 7 20 0 3 21 4 1 2 14 310 8 4 6 1 18 15 38 10 4 8 6 0 0 3 0 10 6 1 3 0 3 5 4
600 500 500 500 600

50 2 0
560 1125 300 620 2100 431 68 328 47 122 322 196 41 25 425 4260 416 115 82 22 631 132 420 86 42 103 215 81 91 26 49 420 316 72 71 49 108 116 90 738 1811 430 3060 215 58 296 620 418 47 81
40 91 10 30 160 20 3 12 3 18 9 25 1 1 10 280 10 8 1 1 49 8 21 6 1 5 10 8 2 1 0 10 42 6 4 8 0 10 1 40 86 11 120 8 3 32 28 13 2 4
16 92 41 16 150 23 4 18 6 0 12 8 2 1 0 200 20 6 2 1 70 9 22 4 1 5 10 6 4 0 4 12 8 4 3 0 10 0 6 28 93 9 30 22 0 36 45 13 2 2
800 650
